ships[13][8]
11000000111000001111000011111111111111001111111011111111111111101111110011111111111100001110000011000000
00000011011111110111111100001111001111110111111111111111011111110011111100001111011111110111111100000011
00000011000001110000111100011111001111110111111111111111011111110011111100011111000011110000011100000011
00000011001111110011111100011111001111110111111111111111011111110011111100011111001111110011111100000011
00001000000010000001100000011000001110001111111111111111111111110011100000011000000110000000100000001000
11111100011111100000001100000011000000110001111100111111000111110000001100000011000000110111111011111100
bullet[3][5]
111111000111111
001001111100100
011101000101110
011101111101110
011001111101100
001101111100110
